85001
85002
43027
42005
42006
42008
127002
43039
84003
84002
84006
41001
41003
41007
254002
126003
126002
254006
83001
40001
40003
40006
40007
82002
82005
82004
39001
39005
39006
81002
81004
81006
38003
38006
80003
80002
80005
80004
37003
421002
37006
122001
122003
79003
79007
79009
36001
36002
36006
420001
36007
121002
78005
35001
35002
163001
37056
37057
37058
37059
120002
37060
120004
37061
37062
37063
34002
34006
119002
119005
76001
76002
76004
76007
161001
33004
75001
203001
75002
75005
119039
34046
34047
34048
34049
34050
34051
32003
34052
76039
119047
119046
245002
117002
117005
202001
117010
74005
31005
31006
201002
201010
30004
115001
115003
115005
72003
72002
157002
157001
29005
29006
114002
114004
28002
412002
412003
114022
498028
113005
157045
27005
27007
112001
27008
412039
112003
69002
113037
113036
113039
113038
26001
26002
154001
26004
111001
111004
68001
25003
25004
25005
238003
238002
238001
110003
110002
110005
238007
238005
25015
110009
67001
110011
110010
67002
67005
110013
110012
110014
67011
24002
24007
24022
23002
23003
23008
236002
236004
236009
236012
150002
236018
22002
23027
22003
23028
22004
23029
22005
22006
23030
23031
23032
107001
23033
22009
107003
23034
150013
235010
64002
64003
64009
21004
21007
106001
106003
21011
106004
21013
21014
64023
106006
63001
21021
20003
20004
20006
105003
105002
105005
105004
62002
19004
19006
104001
19008
104006
61004
61005
18001
18002
18003
18004
18005
18006
104025
103005
103004
103007
104032
60003
60004
17002
17004
17005
17007
102004
145017
59003
16004
16005
101001
101003
58001
58006
58007
58008
143002
143003
15001
103066
15006
15007
15010
57005
99001
99004
99006
56001
56003
13006
98001
13010
98002
98004
98006
55002
55004
15070
99038
55008
12004
12006
268002
12007
54001
54002
12020
11002
11003
11005
267002
11006
267003
11010
96005
53002
53006
10002
266001
10007
11033
223001
11034
53021
223011
266021
11042
777001
11047
9001
9002
9004
222002
222001
96055
53047
222004
96057
96056
96059
96058
51003
51004
96061
96060
51006
96062
8001
8002
136001
8005
50003
7001
7002
11106
11107
92002
11108
92005
11109
11110
11111
11112
11113
134003
6002
92023
91004
48002
432001
133001
5006
90002
90005
4002
90018
4004
89001
4008
89003
89002
5036
89004
89006
89008
131001
3002
3003
3004
3005
45004
4045
429003
4046
4047
45007
429001
45008
4048
4049
4050
2003
4051
2004
4052
44001
44002
44004
44007
44008
1002
1004
1008
1009
1012
86004
86006
43004
427001